0 0.11111886160714285 0.5069754464285714 0.0767299107142857 0.0749860491071428
0 0.8871372767857142 0.4782017299107143 0.1116071428571428 0.19182477678571425
0 0.8958565848214285 0.7153669084821428 0.10811941964285698 0.1953125
0 0.771287195057649 0.6502982140660152 0.06428944917041612 0.04991975490368383
0 0.7168430118110236 0.27469857283464566 0.19838828740157477 0.17224409448818898
0 0.7706692913385826 0.476931594488189 0.06612942913385811 0.05382627952755903
0 0.5061515748031495 0.13628813976377951 0.06612942913385822 0.046136811023622035
0 0.35466904527559057 0.4392531988188977 0.030757874015748032 0.04613681102362205
0 0.641486220472441 0.628414124015748 0.05075049212598426 0.03690944881889768
0 0.1769808070866141 0.7936761811023623 0.13084399606299218 0.1093134842519683
