0 0.811824567723343 0.5410887968299711 0.08780619596541794 0.10919488472622468
0 0.293430295389049 0.20674981988472624 0.16097802593659938 0.06191462536023054
0 0.354782060518732 0.8197046109510087 0.12833213256484144 0.0742975504322766
0 0.1433803013392857 0.4703543526785714 0.1412527901785714 0.4237583705357142
0 0.40147181919642855 0.4075753348214286 0.1203264508928571 0.12381417410714285
0 0.43896484375 0.17476981026785718 0.244140625 0.13602120535714285
0 0.8147670200892857 0.8313337053571428 0.1552036830357142 0.2110072544642857
0 0.6351492745535714 0.9255022321428571 0.1621791294642856 0.0714983258928572
0 0.9193987165178571 0.6142229352678572 0.0784737723214286 0.1081194196428571
0 0.6011439732142857 0.7641950334821428 0.0906808035714286 0.0662667410714286
