0 0.7544128242074928 0.270915886167147 0.09456051873198845 0.06416606628242078
0 0.5758579799107142 0.09716796875000004 0.2702985491071428 0.13078962053571427
0 0.19508413956360643 0.31014257048618254 0.062259176229929936 0.06756363134906346
0 0.28473297213622295 0.5755853328173375 0.0943304953560371 0.06288699690402477
0 0.2756627321981424 0.7279653637770898 0.054421439628483004 0.06288699690402477
0 0.898314468503937 0.2885396161417323 0.09996309055118124 0.25836614173228345
0 0.936761811023622 0.5315268208661418 0.0692052165354331 0.14148622047244097
0 0.12398499015748032 0.5246062992125984 0.058439960629921295 0.10611466535433067
0 0.25316806102362205 0.23932701771653545 0.03998523622047234 0.030757874015748088
0 0.6407172736220472 0.6307209645669292 0.03998523622047245 0.0692052165354331
0 0.39465428149606296 0.5768946850393701 0.04306102362204722 0.0353715551181103
0 0.463859498031496 0.34544168307086615 0.030757874015748032 0.030757874015748032
