0 0.8354599290811304 0.543991311999086 0.13032275994797538 0.4210601909624578
0 0.41019112723214285 0.08060128348214289 0.0959123883928571 0.04882812499999999
0 0.28724888392857145 0.22882952008928575 0.1813616071428571 0.13253348214285712
0 0.56103515625 0.34130859375 0.0871930803571429 0.0889369419642857
0 0.4169537401574803 0.3969611220472441 0.09073572834645671 0.05075049212598426
0 0.11706446850393701 0.41080216535433073 0.0753567913385827 0.0692052165354331
0 0.12244709645669291 0.5799704724409449 0.09534940944881892 0.1645546259842519
0 0.17473548228346458 0.7306840551181102 0.061515748031496065 0.10611466535433067
0 0.7691313976377953 0.6253383366141733 0.06920521653543288 0.04613681102362199
0 0.5630536417322834 0.11398868110236221 0.13072096456692917 0.07843257874015747
