0 0.1870386318897638 0.6591719980314961 0.17531988188976383 0.13533464566929132
0 0.4892347440944882 0.5322957677165354 0.05075049212598426 0.04152312992125984
0 0.5315268208661418 0.3954232283464567 0.061515748031496065 0.08150836614173229
0 0.599963090551181 0.43617741141732286 0.05997785433070868 0.07381889763779526
0 0.7091535433070866 0.5215305118110236 0.07535679133858264 0.07228100393700787
0 0.5961183562992125 0.7429872047244095 0.09534940944881887 0.1030388779527559
0 0.24464812992125984 0.390748031496063 0.09701033464566922 0.057025098425196874
0 0.25387549212598426 0.5137795275590551 0.08163139763779537 0.057025098425196874
0 0.3938238188976378 0.5860605314960631 0.10623769685039364 0.05702509842519676
0 0.429072342519685 0.7181963582677167 0.10623769685039364 0.05702509842519676
0 0.05388779527559054 0.4637364665354331 0.03869340551181105 0.06176181102362199
0 0.07695620078740162 0.5521653543307088 0.05075049212598426 0.04152312992125984
