0 0.249755859375 0.7336774553571428 0.0959123883928572 0.0749860491071428
0 0.37967354910714285 0.8043038504464286 0.0941685267857143 0.0941685267857143
0 0.6798855038139764 0.5016305792586474 0.09698342150590544 0.06286827061656358
0 0.3927525111607143 0.5026157924107142 0.0680106026785714 0.1011439732142857
0 0.5688825334821428 0.30904715401785715 0.10986328125 0.09765625
0 0.5401088169642858 0.7633231026785714 0.1988002232142857 0.2214704241071429
0 0.35774483267716534 0.30007381889763785 0.07074311023622049 0.044598917322834664
0 0.49154158464566927 0.3531311515748032 0.058439960629921184 0.061515748031496065
0 0.5845841535433071 0.5730499507874016 0.0569020669291338 0.030757874015748032
0 0.6468688484251969 0.25086122047244097 0.03998523622047245 0.05075049212598429
0 0.7997181809793306 0.5107349099673086 0.09698342150590544 0.06286827061656347
