0 0.31259921994409945 0.5232702382315739 0.10259437507243102 0.10878678731637959
0 0.6517159598214286 0.8740583147321428 0.0871930803571428 0.0627790178571428
0 0.6412527901785714 0.4293736049107143 0.1325334821428572 0.08021763392857145
0 0.3969611220472441 0.3169906496062992 0.1153420275590551 0.056902066929133854
0 0.8098855807086615 0.44771161417322836 0.06459153543307083 0.05075049212598426
0 0.43095551915669783 0.5962586732709441 0.06888374515117118 0.07968983849748201
0 0.43473873766063487 0.4877756516174008 0.07977203255274595 0.06904761408803323
0 0.5329416830708661 0.48296013779527547 0.06459153543307083 0.05075049212598404
0 0.7790046751968506 0.8658956692913385 0.06459153543307083 0.05075049212598426
0 0.5343565452755908 0.3659571850393701 0.06459153543307083 0.05075049212598426
