0 0.5636509486607142 0.2549874441964286 0.1482282366071428 0.26855468749999994
0 0.6979282924107142 0.5087193080357143 0.11335100446428559 0.061035156250000056
0 0.4223981584821428 0.888881138392857 0.15869140625 0.1133510044642857
0 0.78076171875 0.8138950892857142 0.1743861607142856 0.0714983258928571
0 0.5645915354330708 0.6791646161417323 0.05075049212598426 0.02768208661417315
0 0.13398129921259844 0.5907357283464567 0.03229576771653542 0.026144192913385877
0 0.1855007381889764 0.3685100885826772 0.061515748031496065 0.04306102362204722
0 0.15089812992125984 0.44232898622047245 0.06305364173228345 0.07689468503937008
0 0.3677411417322835 0.5692052165354331 0.04152312992125984 0.03537155511811019
0 0.42156742125984253 0.5476747047244095 0.04767470472440938 0.03229576771653542
