0 0.8426688058035714 0.6107352120535714 0.1865931919642856 0.2092633928571428
0 0.09280831473214285 0.6168387276785714 0.0889369419642857 0.1691545758928572
0 0.4825613839285714 0.6185825892857142 0.0802176339285714 0.0714983258928571
0 0.5576710137795275 0.5461368110236221 0.03998523622047245 0.029219980314960647
0 0.9098486712598425 0.3984990157480315 0.06459153543307083 0.1091904527559055
0 0.2101070374015748 0.5545952263779528 0.08304625984251962 0.0676673228346456
0 0.42541215551181105 0.42156742125984253 0.06766732283464572 0.07228100393700787
0 0.46693528543307083 0.4961552657480315 0.08304625984251968 0.04306102362204722
0 0.28085014763779526 0.4830831692913386 0.061515748031496065 0.05997785433070868
0 0.7991203248031495 0.43848425196850394 0.03383366141732291 0.03844734251968501
0 0.13475024606299213 0.41618479330708663 0.10457677165354329 0.04306102362204722
0 0.6314899114173229 0.1116818405511811 0.052288385826771644 0.04306102362204722
0 0.8021961122047244 0.22702386811023623 0.0553641732283463 0.04306102362204725
0 0.2862327755905512 0.2231791338582677 0.04459891732283461 0.03844734251968504
0 0.6914677657480315 0.746831938976378 0.10457677165354329 0.06459153543307095
0 0.6299520177165354 0.8260334645669292 0.09842519685039375 0.0692052165354331
